4.58958603076998
2.96931010265251
4.34068996336011
3.20132711013158
3.98985496340551
4.37456237793218
3.65522798296666
4.33284724893694
2.90900081521895
2.30568522769119
2.169327399716
4.11532901020681
2.27883237312446
2.85798844252667
3.12194469576058
3.80787409569357
2.99961628794767
3.9698260829173
1.83187881537506
4.26065570314832
2.98468613949457
2.62820037901378
4.41748502617198
4.80294878790649
3.069650956201
4.03626952367015
4.63334305494799
3.87589560565274
3.97011918816017
3.75764259471383
4.60875875959239
5.4681470573637
3.97964691670838
3.12001246686123
1.59330335800357
4.59212854742573
2.65005867398056
5.5473536248788
2.37484186221379
3.48733334595775
3.61729676427336
4.16865031572468
0.570937087537946
3.89438245700957
3.53689140102
3.2614984860301
4.57131127165266
2.06399349554192
2.19760365370871
5.11208847555205
2.29096408121953
2.38549812426122
1.99590606275928
3.90680808592654
4.06898931916681
4.08674750157135
5.17324187421112
5.50536305454026
2.76194583733641
3.79534353083137
4.50782811286619
3.12381813502268
3.91332741523316
4.57595077554934
2.60891545270767
2.68836507784676
4.12322392391703
4.22293704367501
3.72570051157361
4.56935761694612
3.36999209830963
3.05646192506167
3.04062978902969
2.97973689176349
3.0508197932366
4.59925825964693
3.43033113429873
3.72786068434094
3.31241877960447
3.59082812560874
3.80199792886291
3.37788647128865
4.15594267505393
3.0087293003313
3.32493466316161
3.73537368270515
3.06558497450759
4.1001248564359
4.1553289134529
2.94724879811156
1.51619720712023
3.35387529816201
2.85507858691706
1.8306089421482
4.57501206096813
2.99218793962579
5.01006239460346
1.84004409409883
3.35111436534101
5.53561480611379
